[[0.697, 0.46], ["2_x", 0.46619660566441556]]
[[0.774, 0.376], ["1_x", 0.5089787596253772]]
[[0.634, 0.264], ["2_x", 0.37374263628754967]]
[[0.608, 0.318], ["2_x", 0.39195787344490174]]
[[0.556, 0.215], ["2_x", 0.39373981088209464]]
[[0.403, 0.237], ["2_x", 0.35240774654407364]]
[[0.481, 0.149], ["2_x", 0.41297641100815713]]
[[0.437, 0.211], ["2_x", 0.3657052356191031]]
[[0.666, 0.091], ["2_x", 0.537924994854545]]
[[0.243, 0.267], ["0_x", 0.42162680917010703]]
[[0.245, 0.057], ["1_x", 0.367669675563353]]
[[0.343, 0.099], ["2_x", 0.3611840491287624]]
[[0.639, 0.161], ["2_x", 0.43356824342653155]]
[[0.657, 0.198], ["2_x", 0.39663633309202967]]
[[0.36, 0.37], ["2_x", 0.4564369141732358]]
[[0.593, 0.042], ["2_x", 0.6188108703220613]]
[[0.719, 0.103], ["2_x", 0.5124831379796896]]
[[0.359, 0.188], ["0_x", 0.3589278582382987]]
[[0.339, 0.241], ["0_x", 0.3734033445848847]]
[[0.282, 0.257], ["0_x", 0.4016431945264834]]
[[0.748, 0.232], ["1_x", 0.42121871979524644]]
[[0.714, 0.346], ["1_x", 0.43972392217299894]]
[[0.483, 0.321], ["2_x", 0.4150230563536527]]
[[0.478, 0.437], ["2_x", 0.5802207693999901]]
[[0.525, 0.369], ["2_x", 0.45953287009503846]]
[[0.751, 0.489], ["1_x", 0.44260657167688155]]
[[0.532, 0.472], ["2_x", 0.6280405677454612]]
[[0.473, 0.376], ["2_x", 0.4773154537516243]]
[[0.725, 0.445], ["1_x", 0.4352844777435419]]
[[0.446, 0.459], ["2_x", 0.6331022878867434]]
